10000 0.9 1 3239 6765
10000 0.9 1 2927 7077
10000 0.9 1 7840 2164
10000 0.9 1 2742 7262
10000 0.9 2 9973 296
10000 0.9 1 754 9250
10000 0.9 2 9650 340
10000 0.9 1 4600 5404
10000 0.9 1 5245 4759
10000 0.9 1 3231 6773
10000 0.9 1 4577 5427
10000 0.9 1 8164 1840
10000 0.9 1 2100 7904
10000 0.9 1 2026 7978
10000 0.9 1 8733 1271
10000 0.9 1 7120 2884
10000 0.9 1 7475 2529
10000 0.9 1 4155 5849
10000 0.9 1 8193 1811
10000 0.9 1 4686 5318
10000 0.9 1 4115 5889
10000 0.9 1 571 9433
10000 0.9 1 8752 1252
10000 0.9 1 6019 3985
10000 0.9 1 3118 6886
10000 0.9 1 1001 9003
10000 0.9 1 4987 5017
10000 0.9 2 9748 268
10000 0.9 1 6813 3191
10000 0.9 1 1622 8382
10000 0.9 1 3434 6570
10000 0.9 1 5163 4841
10000 0.9 1 1719 8285
10000 0.9 1 3566 6438
10000 0.9 1 7346 2658
10000 0.9 2 9413 591
10000 0.9 1 8877 1127
10000 0.9 1 5454 4550
10000 0.9 1 8929 1075
10000 0.9 1 1263 8741
10000 0.9 2 9293 707
10000 0.9 1 1917 8087
10000 0.9 2 9859 147
10000 0.9 1 1157 8847
10000 0.9 1 8808 1196
10000 0.9 1 8163 1841
10000 0.9 1 6827 3177
10000 0.9 1 580 9424
10000 0.9 1 1892 8112
10000 0.9 1 2434 7570
10000 0.9 1 2663 7341
10000 0.9 1 6240 3764
10000 0.9 1 3105 6899
10000 0.9 1 6076 3928
10000 0.9 1 3772 6232
10000 0.9 1 3691 6313
10000 0.9 1 7789 2215
10000 0.9 1 124 9880
10000 0.9 1 4695 5309
10000 0.9 1 4360 5644
10000 0.9 1 2187 7817
10000 0.9 1 2935 7069
10000 0.9 1 4745 5259
10000 0.9 1 6446 3558
10000 0.9 1 4626 5378
10000 0.9 2 9678 334
10000 0.9 1 449 9555
10000 0.9 1 1337 8667
10000 0.9 1 3828 6176
10000 0.9 1 1674 8330
10000 0.9 1 932 9072
10000 0.9 1 7862 2142
10000 0.9 2 9813 204
10000 0.9 1 8410 1594
10000 0.9 1 1192 8812
10000 0.9 1 4377 5627
10000 0.9 1 7151 2853
10000 0.9 1 3307 6697
10000 0.9 1 7807 2197
10000 0.9 1 6462 3542
10000 0.9 1 870 9134
10000 0.9 1 6998 3006
10000 0.9 1 2251 7753
10000 0.9 1 3295 6709
10000 0.9 1 6828 3176
10000 0.9 1 2322 7682
10000 0.9 1 5381 4623
10000 0.9 1 5023 4981
10000 0.9 1 4634 5370
10000 0.9 1 4836 5168
10000 0.9 2 10001 5
10000 0.9 1 6263 3741
10000 0.9 1 6671 3333
10000 0.9 2 9526 489
10000 0.9 1 592 9412
10000 0.9 1 5880 4124
10000 0.9 1 3897 6107
10000 0.9 1 698 9306
10000 0.9 1 3135 6869
10000 0.9 1 2704 7300
10000 0.9 1 7757 2247
10000 0.9 1 3004 7000
10000 0.9 1 8646 1358
10000 0.9 1 6333 3671
10000 0.9 1 4168 5836
10000 0.9 1 6058 3946
10000 0.9 1 65 9939
10000 0.9 1 3157 6847
10000 0.9 1 5344 4660
10000 0.9 1 2605 7399
10000 0.9 1 2052 7952
10000 0.9 1 2371 7633
10000 0.9 1 6229 3775
10000 0.9 1 6199 3805
10000 0.9 1 4755 5249
10000 0.9 1 3580 6424
10000 0.9 1 5879 4125
10000 0.9 2 9373 629
10000 0.9 1 4723 5281
10000 0.9 1 3537 6467
10000 0.9 2 9667 343
10000 0.9 1 1513 8491
10000 0.9 1 744 9260
10000 0.9 1 1725 8279
10000 0.9 1 6468 3536
10000 0.9 1 3785 6219
10000 0.9 1 7369 2635
10000 0.9 1 1960 8044
10000 0.9 1 566 9438
10000 0.9 1 4703 5301
10000 0.9 1 2881 7123
10000 0.9 1 445 9559
10000 0.9 1 7729 2275
10000 0.9 1 1786 8218
10000 0.9 1 3089 6915
10000 0.9 1 387 9617
10000 0.9 1 8327 1677
10000 0.9 1 7282 2722
10000 0.9 1 916 9088
10000 0.9 1 4089 5915
10000 0.9 2 9078 928
10000 0.9 1 2644 7360
10000 0.9 1 8897 1107
10000 0.9 1 3259 6745
10000 0.9 1 5419 4585
10000 0.9 1 6300 3704
10000 0.9 1 5552 4452
10000 0.9 1 8465 1539
10000 0.9 1 8353 1651
10000 0.9 1 4994 5010
10000 0.9 1 7824 2180
10000 0.9 1 7789 2215
10000 0.9 1 153 9851
10000 0.9 1 7717 2287
10000 0.9 1 4593 5411
10000 0.9 1 5895 4109
10000 0.9 1 2901 7103
10000 0.9 1 808 9196
10000 0.9 1 2592 7412
10000 0.9 1 3864 6140
10000 0.9 1 2639 7365
10000 0.9 1 1773 8231
10000 0.9 1 2402 7602
10000 0.9 1 9004 1000
10000 0.9 1 761 9243
10000 0.9 1 4938 5066
10000 0.9 1 2614 7390
10000 0.9 1 8700 1304
10000 0.9 1 986 9018
10000 0.9 1 4251 5753
10000 0.9 2 9808 197
10000 0.9 1 6185 3819
10000 0.9 1 5605 4399
10000 0.9 1 7150 2854
10000 0.9 1 8961 1043
10000 0.9 2 9614 385
10000 0.9 1 4052 5952
10000 0.9 1 898 9106
10000 0.9 2 9154 851
10000 0.9 1 985 9019
10000 0.9 1 8084 1920
10000 0.9 1 1659 8345
10000 0.9 1 807 9197
10000 0.9 1 8061 1943
10000 0.9 1 1391 8613
10000 0.9 1 351 9653
10000 0.9 1 985 9019
10000 0.9 1 5735 4269
10000 0.9 1 5159 4845
10000 0.9 1 6311 3693
10000 0.9 1 4806 5198
10000 0.9 1 8369 1635
10000 0.9 2 9700 309
10000 0.9 1 5596 4408
10000 0.9 1 5482 4522
10000 0.9 1 2836 7168
10000 0.9 1 5510 4494
10000 0.9 1 4239 5765
10000 0.9 1 5734 4270
10000 0.9 1 7102 2902
10000 0.9 1 35 9969
10000 0.9 2 9499 515
10000 0.9 1 2045 7959
10000 0.9 1 596 9408
10000 0.9 1 5595 4409
10000 0.9 2 9188 826
10000 0.9 1 4933 5071
10000 0.9 1 116 9888
10000 0.9 1 3740 6264
10000 0.9 1 3965 6039
10000 0.9 1 5105 4899
10000 0.9 1 1131 8873
10000 0.9 1 4365 5639
10000 0.9 1 6680 3324
10000 0.9 1 8522 1482
10000 0.9 1 1249 8755
10000 0.9 1 4847 5157
10000 0.9 1 4428 5576
10000 0.9 1 7726 2278
10000 0.9 1 3001 7003
10000 0.9 2 9914 950
10000 0.9 1 2533 7471
10000 0.9 2 9224 776
10000 0.9 1 7222 2782
10000 0.9 2 9299 705
10000 0.9 1 1426 8578
10000 0.9 1 7550 2454
10000 0.9 1 6083 3921
10000 0.9 1 279 9725
10000 0.9 1 6834 3170
10000 0.9 1 4234 5770
10000 0.9 2 9317 685
10000 0.9 1 6629 3375
10000 0.9 1 4010 5994
10000 0.9 1 5673 4331
10000 0.9 1 417 9587
10000 0.9 1 3218 6786
10000 0.9 1 4751 5253
10000 0.9 1 2446 7558
10000 0.9 1 8258 1746
10000 0.9 1 703 9301
10000 0.9 1 1122 8882
10000 0.9 1 1481 8523
10000 0.9 1 3794 6210
10000 0.9 1 1071 8933
10000 0.9 1 4548 5456
10000 0.9 1 8546 1458
10000 0.9 1 173 9831
10000 0.9 1 2993 7011
10000 0.9 1 1659 8345
10000 0.9 2 9459 535
10000 0.9 1 5603 4401
10000 0.9 1 56 9948
10000 0.9 2 9269 749
10000 0.9 1 8062 1942
10000 0.9 1 4882 5122
10000 0.9 1 3903 6101
10000 0.9 1 5529 4475
10000 0.9 1 1129 8875
10000 0.9 1 680 9324
10000 0.9 1 5120 4884
10000 0.9 1 9046 958
10000 0.9 1 2374 7630
10000 0.9 1 7543 2461
10000 0.9 1 6207 3797
10000 0.9 1 4425 5579
10000 0.9 2 9915 6
10000 0.9 1 6092 3912
10000 0.9 1 1456 8548
10000 0.9 1 7367 2637
10000 0.9 1 6024 3980
10000 0.9 1 3308 6696
10000 0.9 1 4378 5626
10000 0.9 1 3703 6301
10000 0.9 1 7289 2715
10000 0.9 2 9629 384
10000 0.9 1 6828 3176
10000 0.9 1 4290 5714
10000 0.9 1 8362 1642
10000 0.9 1 5065 4939
10000 0.9 1 8424 1580
10000 0.9 1 6909 3095
10000 0.9 1 3577 6427
10000 0.9 1 7935 2069
10000 0.9 1 4973 5031
10000 0.9 1 6153 3851
10000 0.9 1 7019 2985
10000 0.9 1 563 9441
10000 0.9 1 5650 4354
10000 0.9 1 7900 2104
10000 0.9 1 6992 3012
10000 0.9 2 9385 618
10000 0.9 1 6679 3325
10000 0.9 1 509 9495
10000 0.9 1 291 9713
10000 0.9 1 5942 4062
10000 0.9 1 3735 6269
10000 0.9 1 6066 3938
10000 0.9 1 722 9282
10000 0.9 1 3965 6039
10000 0.9 1 6165 3839
10000 0.9 1 8810 1194
10000 0.9 1 3272 6732
10000 0.9 1 7842 2162
10000 0.9 1 2156 7848
10000 0.9 1 4254 5750
10000 0.9 1 8325 1679
10000 0.9 1 1742 8262
10000 0.9 1 5815 4189
10000 0.9 1 6062 3942
10000 0.9 1 688 9316
10000 0.9 1 4220 5784
10000 0.9 1 2780 7224
10000 0.9 1 5376 4628
10000 0.9 1 3713 6291
10000 0.9 1 4254 5750
10000 0.9 1 7454 2550
10000 0.9 1 7075 2929
10000 0.9 1 1558 8446
10000 0.9 1 5316 4688
10000 0.9 1 6445 3559
10000 0.9 1 2746 7258
10000 0.9 1 1620 8384
10000 0.9 1 3474 6530
10000 0.9 1 5483 4521
10000 0.9 1 3900 6104
10000 0.9 1 2485 7519
10000 0.9 1 2602 7402
10000 0.9 1 1180 8824
10000 0.9 1 4410 5594
10000 0.9 1 4480 5524
10000 0.9 1 4877 5127
10000 0.9 1 6809 3195
10000 0.9 2 9175 838
10000 0.9 1 1624 8380
10000 0.9 1 1978 8026
10000 0.9 2 9025 108
10000 0.9 1 4985 5019
10000 0.9 1 6662 3342
10000 0.9 1 87 9917
10000 0.9 1 6698 3306
10000 0.9 1 3931 6073
10000 0.9 1 3577 6427
10000 0.9 1 1733 8271
10000 0.9 1 3346 6658
10000 0.9 1 6199 3805
10000 0.9 2 9690 304
10000 0.9 1 8297 1707
10000 0.9 1 3292 6712
10000 0.9 1 8881 1123
10000 0.9 1 5986 4018
10000 0.9 1 7563 2441
10000 0.9 1 3343 6661
10000 0.9 1 2256 7748
10000 0.9 1 2314 7690
10000 0.9 1 6119 3885
10000 0.9 2 9640 367
10000 0.9 1 4941 5063
10000 0.9 1 1118 8886
10000 0.9 1 3620 6384
10000 0.9 1 7711 2293
10000 0.9 1 4936 5068
10000 0.9 1 4529 5475
10000 0.9 2 9258 739
10000 0.9 1 7354 2650
10000 0.9 1 5134 4870
10000 0.9 1 8810 1194
10000 0.9 1 27 9977
10000 0.9 1 3324 6680
10000 0.9 2 9862 126
10000 0.9 1 7525 2479
10000 0.9 1 6201 3803
10000 0.9 1 4469 5535
10000 0.9 2 9170 832
10000 0.9 1 5328 4676
10000 0.9 1 3744 6260
10000 0.9 1 1401 8603
10000 0.9 1 7087 2917
10000 0.9 1 227 9777
10000 0.9 1 4380 5624
10000 0.9 1 5508 4496
10000 0.9 1 7285 2719
10000 0.9 1 8331 1673
10000 0.9 1 2139 7865
10000 0.9 1 5864 4140
10000 0.9 1 7363 2641
10000 0.9 1 684 9320
10000 0.9 1 519 9485
10000 0.9 1 7935 2069
10000 0.9 1 1248 8756
10000 0.9 1 5581 4423
10000 0.9 1 5469 4535
10000 0.9 1 2998 7006
10000 0.9 1 6937 3067
10000 0.9 1 8776 1228
10000 0.9 1 8111 1893
10000 0.9 1 2821 7183
10000 0.9 1 2619 7385
10000 0.9 1 4640 5364
10000 0.9 2 9590 413
10000 0.9 1 219 9785
10000 0.9 1 6620 3384
10000 0.9 1 6979 3025
10000 0.9 2 9814 182
10000 0.9 1 361 9643
10000 0.9 1 546 9458
10000 0.9 1 964 9040
10000 0.9 1 8123 1881
10000 0.9 1 8404 1600
10000 0.9 1 4411 5593
10000 0.9 1 8386 1618
10000 0.9 1 1908 8096
10000 0.9 1 5065 4939
10000 0.9 2 9113 889
10000 0.9 1 2714 7290
10000 0.9 1 7098 2906
10000 0.9 2 9051 956
10000 0.9 1 1644 8360
10000 0.9 1 7922 2082
10000 0.9 1 8137 1867
10000 0.9 1 7584 2420
10000 0.9 1 6907 3097
10000 0.9 1 3722 6282
10000 0.9 1 5392 4612
10000 0.9 1 3014 6990
10000 0.9 1 2422 7582
10000 0.9 1 792 9212
10000 0.9 1 1813 8191
10000 0.9 2 9275 746
10000 0.9 1 3809 6195
10000 0.9 1 2183 7821
10000 0.9 1 1077 8927
10000 0.9 1 4783 5221
10000 0.9 1 6781 3223
10000 0.9 1 6516 3488
10000 0.9 1 1277 8727
10000 0.9 1 7191 2813
10000 0.9 1 2417 7587
10000 0.9 2 9771 233
10000 0.9 2 9796 236
10000 0.9 1 7446 2558
10000 0.9 1 4326 5678
10000 0.9 1 237 9767
10000 0.9 2 9133 874
10000 0.9 1 1818 8186
10000 0.9 2 9338 672
10000 0.9 1 5304 4700
10000 0.9 1 8751 1253
10000 0.9 1 5704 4300
10000 0.9 1 3909 6095
10000 0.9 1 7692 2312
10000 0.9 1 7096 2908
10000 0.9 1 4191 5813
10000 0.9 1 2011 7993
10000 0.9 1 3120 6884
10000 0.9 1 2766 7238
10000 0.9 1 1691 8313
10000 0.9 1 1241 8763
10000 0.9 1 4155 5849
10000 0.9 1 2176 7828
10000 0.9 1 2674 7330
10000 0.9 1 6415 3589
10000 0.9 1 4834 5170
10000 0.9 1 3008 6996
10000 0.9 1 1379 8625
10000 0.9 1 1913 8091
10000 0.9 1 2446 7558
10000 0.9 1 955 9049
10000 0.9 1 1194 8810
10000 0.9 1 1922 8082
10000 0.9 2 9038 971
10000 0.9 1 996 9008
10000 0.9 1 6620 3384
10000 0.9 1 2244 7760
10000 0.9 1 7324 2680
10000 0.9 1 6995 3009
10000 0.9 1 6167 3837
10000 0.9 1 3081 6923
10000 0.9 1 8162 1842
10000 0.9 1 7816 2188
10000 0.9 2 9773 224
10000 0.9 1 2932 7072
10000 0.9 2 9756 249
10000 0.9 1 816 9188
10000 0.9 2 9730 276
10000 0.9 1 1170 8834
10000 0.9 1 4037 5967
10000 0.9 1 6452 3552
10000 0.9 1 6614 3390
10000 0.9 1 6450 3554
10000 0.9 1 3646 6358
10000 0.9 1 6419 3585
10000 0.9 1 90 9914
10000 0.9 1 6492 3512
10000 0.9 1 3241 6763
10000 0.9 1 4700 5304
10000 0.9 1 7068 2936
10000 0.9 1 1900 8104
10000 0.9 1 5870 4134
10000 0.9 1 5335 4669
10000 0.9 1 2569 7435
10000 0.9 1 7421 2583
10000 0.9 1 4960 5044
10000 0.9 1 853 9151
10000 0.9 1 66 9938
10000 0.9 1 8050 1954
10000 0.9 1 1698 8306
10000 0.9 1 5182 4822
10000 0.9 1 4710 5294
10000 0.9 1 1273 8731
10000 0.9 2 9807 198
10000 0.9 1 8916 1088
10000 0.9 1 472 9532
10000 0.9 1 7370 2634
10000 0.9 1 6770 3234
10000 0.9 1 5876 4128
10000 0.9 1 6567 3437
10000 0.9 2 9718 260
10000 0.9 1 6961 3043
10000 0.9 1 2954 7050
10000 0.9 1 6241 3763
10000 0.9 1 6649 3355
10000 0.9 1 3742 6262
10000 0.9 1 4531 5473
10000 0.9 1 7699 2305
10000 0.9 1 533 9471
10000 0.9 1 4738 5266
10000 0.9 1 6584 3420
10000 0.9 1 8027 1977
10000 0.9 1 6040 3964
10000 0.9 1 2396 7608
10000 0.9 2 9209 793
10000 0.9 1 3147 6857
10000 0.9 1 5663 4341
10000 0.9 1 7591 2413
10000 0.9 1 4951 5053
10000 0.9 1 8118 1886
10000 0.9 1 8778 1226
10000 0.9 1 2513 7491
10000 0.9 1 915 9089
10000 0.9 1 6852 3152
10000 0.9 2 9937 83
10000 0.9 1 7258 2746
10000 0.9 1 4728 5276
10000 0.9 1 6048 3956
10000 0.9 1 1861 8143
10000 0.9 1 1178 8826
10000 0.9 1 5108 4896
10000 0.9 1 5007 4997
10000 0.9 1 8438 1566
10000 0.9 1 5255 4749
10000 0.9 1 8315 1689
10000 0.9 2 9337 673
10000 0.9 1 7033 2971
10000 0.9 1 7063 2941
10000 0.9 1 4338 5666
10000 0.9 1 6643 3361
10000 0.9 2 9977 22
10000 0.9 1 7563 2441
10000 0.9 1 2911 7093
10000 0.9 1 5925 4079
10000 0.9 1 3795 6209
10000 0.9 1 342 9662
10000 0.9 1 3545 6459
10000 0.9 1 6940 3064
10000 0.9 1 5282 4722
10000 0.9 2 9693 316
10000 0.9 1 5564 4440
10000 0.9 1 3046 6958
10000 0.9 1 1823 8181
10000 0.9 1 4545 5459
10000 0.9 1 1007 8997
10000 0.9 1 7496 2508
10000 0.9 1 3644 6360
10000 0.9 1 7323 2681
10000 0.9 1 1433 8571
10000 0.9 1 2145 7859
10000 0.9 1 1265 8739
10000 0.9 1 2272 7732
10000 0.9 1 5114 4890
10000 0.9 1 1420 8584
10000 0.9 1 949 9055
10000 0.9 1 3126 6878
10000 0.9 1 1876 8128
10000 0.9 1 3349 6655
10000 0.9 1 1457 8547
10000 0.9 1 7740 2264
10000 0.9 1 7647 2357
10000 0.9 1 6880 3124
10000 0.9 1 4753 5251
10000 0.9 1 6734 3270
10000 0.9 1 2232 7772
10000 0.9 1 8745 1259
10000 0.9 2 9980 192
10000 0.9 1 8689 1315
10000 0.9 1 5285 4719
10000 0.9 1 3723 6281
10000 0.9 1 2327 7677
10000 0.9 1 2230 7774
10000 0.9 1 4878 5126
10000 0.9 1 2233 7771
10000 0.9 1 4130 5874
10000 0.9 1 7345 2659
10000 0.9 1 6137 3867
10000 0.9 2 9687 295
10000 0.9 1 8190 1814
10000 0.9 1 5232 4772
10000 0.9 1 726 9278
10000 0.9 1 8946 1058
10000 0.9 1 50 9954
10000 0.9 1 2899 7105
10000 0.9 1 3436 6568
10000 0.9 2 9292 71
10000 0.9 1 1659 8345
10000 0.9 1 3674 6330
10000 0.9 1 53 9951
10000 0.9 1 1639 8365
10000 0.9 1 2043 7961
10000 0.9 1 2018 7986
10000 0.9 1 8092 1912
10000 0.9 1 1008 8996
10000 0.9 1 5690 4314
10000 0.9 1 5485 4519
10000 0.9 1 2153 7851
10000 0.9 1 5621 4383
10000 0.9 2 9987 150
10000 0.9 1 3003 7001
10000 0.9 1 2093 7911
10000 0.9 1 5355 4649
10000 0.9 1 8540 1464
10000 0.9 1 4650 5354
10000 0.9 1 4871 5133
10000 0.9 1 7981 2023
10000 0.9 1 54 9950
10000 0.9 1 8695 1309
10000 0.9 1 4793 5211
10000 0.9 1 7367 2637
10000 0.9 1 7432 2572
10000 0.9 1 551 9453
10000 0.9 1 3768 6236
10000 0.9 1 4115 5889
10000 0.9 1 2522 7482
10000 0.9 1 3197 6807
10000 0.9 1 824 9180
10000 0.9 1 6980 3024
10000 0.9 1 547 9457
10000 0.9 1 6798 3206
10000 0.9 1 1106 8898
10000 0.9 1 8419 1585
10000 0.9 1 7444 2560
10000 0.9 1 776 9228
10000 0.9 1 4099 5905
10000 0.9 1 262 9742
10000 0.9 1 2891 7113
10000 0.9 2 9155 847
10000 0.9 1 7598 2406
10000 0.9 1 1339 8665
10000 0.9 1 5323 4681
10000 0.9 1 6653 3351
10000 0.9 1 1686 8318
10000 0.9 2 9341 667
10000 0.9 1 4972 5032
10000 0.9 1 3897 6107
10000 0.9 1 6880 3124
10000 0.9 1 7889 2115
10000 0.9 1 7667 2337
10000 0.9 1 5167 4837
10000 0.9 1 3787 6217
10000 0.9 1 6492 3512
10000 0.9 1 7800 2204
10000 0.9 1 2831 7173
10000 0.9 1 7263 2741
10000 0.9 1 104 9900
10000 0.9 1 1744 8260
10000 0.9 1 8576 1428
10000 0.9 1 8487 1517
10000 0.9 1 5019 4985
10000 0.9 1 5122 4882
10000 0.9 2 9617 377
10000 0.9 1 5379 4625
10000 0.9 2 10000 111
10000 0.9 1 400 9604
10000 0.9 1 871 9133
10000 0.9 2 9509 488
10000 0.9 1 4338 5666
10000 0.9 1 1289 8715
10000 0.9 1 5377 4627
10000 0.9 1 8035 1969
10000 0.9 1 6706 3298
10000 0.9 2 9174 833
10000 0.9 1 700 9304
10000 0.9 1 2941 7063
10000 0.9 1 932 9072
10000 0.9 1 6773 3231
10000 0.9 1 3550 6454
10000 0.9 1 8374 1630
10000 0.9 1 351 9653
10000 0.9 2 9662 359
10000 0.9 1 5135 4869
10000 0.9 1 2321 7683
10000 0.9 1 5088 4916
10000 0.9 1 1722 8282
10000 0.9 1 2546 7458
10000 0.9 1 8256 1748
10000 0.9 1 8270 1734
10000 0.9 2 9435 564
10000 0.9 1 3035 6969
10000 0.9 1 5568 4436
10000 0.9 1 4490 5514
10000 0.9 1 1941 8063
10000 0.9 1 3061 6943
10000 0.9 1 6833 3171
10000 0.9 1 2394 7610
10000 0.9 1 7009 2995
10000 0.9 1 887 9117
10000 0.9 2 9170 834
10000 0.9 1 5461 4543
10000 0.9 1 5243 4761
10000 0.9 1 798 9206
10000 0.9 1 901 9103
10000 0.9 1 1526 8478
10000 0.9 1 2054 7950
10000 0.9 2 9907 946
10000 0.9 2 9718 35
10000 0.9 1 7610 2394
10000 0.9 1 1307 8697
10000 0.9 1 2657 7347
10000 0.9 1 3009 6995
10000 0.9 1 8532 1472
10000 0.9 1 3184 6820
10000 0.9 1 5777 4227
10000 0.9 1 6860 3144
10000 0.9 1 7837 2167
10000 0.9 1 2191 7813
10000 0.9 1 8625 1379
10000 0.9 1 2318 7686
10000 0.9 1 3740 6264
10000 0.9 1 2590 7414
10000 0.9 1 698 9306
10000 0.9 1 245 9759
10000 0.9 1 338 9666
10000 0.9 1 4289 5715
10000 0.9 1 7590 2414
10000 0.9 1 8257 1747
10000 0.9 1 7024 2980
10000 0.9 1 5315 4689
10000 0.9 1 6049 3955
10000 0.9 1 6216 3788
10000 0.9 2 9760 20
10000 0.9 1 6591 3413
10000 0.9 1 6724 3280
10000 0.9 1 7507 2497
10000 0.9 1 6251 3753
10000 0.9 1 2844 7160
10000 0.9 2 9143 859
10000 0.9 1 3688 6316
10000 0.9 1 4 10000
10000 0.9 1 657 9347
10000 0.9 1 4482 5522
10000 0.9 2 9209 791
10000 0.9 1 434 9570
10000 0.9 1 2213 7791
10000 0.9 1 327 9677
10000 0.9 1 5478 4526
10000 0.9 2 9957 559
10000 0.9 1 7571 2433
10000 0.9 1 1672 8332
10000 0.9 1 8863 1141
10000 0.9 1 244 9760
10000 0.9 1 6567 3437
10000 0.9 1 1014 8990
10000 0.9 1 5010 4994
10000 0.9 1 4932 5072
10000 0.9 1 303 9701
10000 0.9 1 5521 4483
10000 0.9 2 9345 664
10000 0.9 1 6772 3232
10000 0.9 2 9699 304
10000 0.9 2 9238 765
10000 0.9 2 9292 715
10000 0.9 1 7464 2540
10000 0.9 1 8502 1502
10000 0.9 1 8876 1128
10000 0.9 1 6395 3609
10000 0.9 2 9313 705
10000 0.9 1 4726 5278
10000 0.9 1 399 9605
10000 0.9 1 5492 4512
10000 0.9 1 6819 3185
10000 0.9 1 5394 4610
10000 0.9 1 6988 3016
10000 0.9 1 6187 3817
10000 0.9 1 2935 7069
10000 0.9 1 7243 2761
10000 0.9 1 7165 2839
10000 0.9 1 1361 8643
10000 0.9 2 9320 677
10000 0.9 1 1901 8103
10000 0.9 1 1955 8049
10000 0.9 1 7689 2315
10000 0.9 1 6398 3606
10000 0.9 1 7548 2456
10000 0.9 1 1086 8918
10000 0.9 1 7629 2375
10000 0.9 1 2710 7294
10000 0.9 1 5783 4221
10000 0.9 1 8136 1868
10000 0.9 1 1761 8243
10000 0.9 1 6294 3710
10000 0.9 1 6062 3942
10000 0.9 1 4689 5315
10000 0.9 1 5058 4946
10000 0.9 1 1196 8808
10000 0.9 1 4315 5689
10000 0.9 1 7422 2582
10000 0.9 1 2972 7032
10000 0.9 1 1582 8422
10000 0.9 1 1671 8333
10000 0.9 1 228 9776
10000 0.9 1 878 9126
10000 0.9 1 3806 6198
10000 0.9 1 7122 2882
10000 0.9 1 1521 8483
10000 0.9 1 3495 6509
10000 0.9 1 1332 8672
10000 0.9 1 3823 6181
10000 0.9 1 1400 8604
10000 0.9 1 7548 2456
10000 0.9 1 4030 5974
10000 0.9 1 2092 7912
10000 0.9 1 7620 2384
10000 0.9 1 2090 7914
10000 0.9 1 2455 7549
10000 0.9 1 160 9844
10000 0.9 1 3197 6807
10000 0.9 1 2178 7826
10000 0.9 1 4072 5932
10000 0.9 1 4932 5072
10000 0.9 1 4255 5749
10000 0.9 2 9990 787
10000 0.9 1 6017 3987
10000 0.9 1 2375 7629
10000 0.9 1 3752 6252
10000 0.9 1 5790 4214
10000 0.9 1 3839 6165
10000 0.9 1 2372 7632
10000 0.9 1 6102 3902
10000 0.9 1 4750 5254
10000 0.9 1 7975 2029
10000 0.9 2 9626 375
10000 0.9 1 3360 6644
10000 0.9 1 1109 8895
10000 0.9 1 5137 4867
10000 0.9 1 3122 6882
10000 0.9 1 6931 3073
10000 0.9 1 2472 7532
10000 0.9 1 7039 2965
10000 0.9 1 6213 3791
10000 0.9 1 1044 8960
10000 0.9 1 8196 1808
10000 0.9 1 1686 8318
10000 0.9 1 562 9442
10000 0.9 2 9318 677
10000 0.9 1 199 9805
10000 0.9 1 2567 7437
10000 0.9 1 2878 7126
10000 0.9 1 6867 3137
10000 0.9 1 2292 7712
10000 0.9 1 3716 6288
10000 0.9 1 7441 2563
10000 0.9 1 890 9114
10000 0.9 1 70 9934
10000 0.9 1 2271 7733
10000 0.9 1 349 9655
10000 0.9 1 921 9083
10000 0.9 1 7322 2682
10000 0.9 1 6810 3194
10000 0.9 1 8338 1666
10000 0.9 1 1591 8413
10000 0.9 1 2697 7307
10000 0.9 1 6454 3550
10000 0.9 2 9889 114
10000 0.9 1 4576 5428
10000 0.9 1 4608 5396
10000 0.9 1 8583 1421
10000 0.9 1 8836 1168
10000 0.9 2 9563 441
10000 0.9 1 5315 4689
10000 0.9 1 739 9265
10000 0.9 1 4066 5938
10000 0.9 1 4839 5165
10000 0.9 1 4880 5124
10000 0.9 1 859 9145
10000 0.9 1 8208 1796
10000 0.9 1 796 9208
10000 0.9 1 2271 7733
10000 0.9 1 690 9314
10000 0.9 1 460 9544
10000 0.9 1 3679 6325
10000 0.9 1 1387 8617
10000 0.9 1 1528 8476
10000 0.9 1 6310 3694
10000 0.9 1 3019 6985
10000 0.9 2 9913 789
10000 0.9 1 1971 8033
10000 0.9 1 3354 6650
10000 0.9 1 272 9732
10000 0.9 1 2463 7541
10000 0.9 1 1839 8165
10000 0.9 1 6987 3017
10000 0.9 1 292 9712
10000 0.9 2 9690 317
10000 0.9 1 542 9462
10000 0.9 1 235 9769
10000 0.9 1 4758 5246
10000 0.9 1 3206 6798
10000 0.9 1 8827 1177
10000 0.9 1 6343 3661
10000 0.9 1 4435 5569
10000 0.9 1 511 9493
10000 0.9 1 7562 2442
10000 0.9 1 3054 6950
10000 0.9 1 8723 1281
10000 0.9 1 7755 2249
10000 0.9 1 4499 5505
10000 0.9 1 4110 5894
10000 0.9 1 8109 1895
10000 0.9 1 3271 6733
10000 0.9 1 7959 2045
10000 0.9 1 8151 1853
10000 0.9 2 9367 643
10000 0.9 1 8558 1446
10000 0.9 1 399 9605
10000 0.9 1 6479 3525
10000 0.9 1 7351 2653
10000 0.9 1 1913 8091
10000 0.9 1 4706 5298
10000 0.9 1 5621 4383
10000 0.9 1 8229 1775
10000 0.9 1 1429 8575
10000 0.9 1 8086 1918
10000 0.9 1 1796 8208
10000 0.9 1 5397 4607
10000 0.9 1 2926 7078
10000 0.9 1 171 9833
10000 0.9 1 8995 1009
10000 0.9 1 8110 1894
10000 0.9 1 4534 5470
10000 0.9 1 6218 3786
10000 0.9 1 577 9427
10000 0.9 1 4932 5072
10000 0.9 2 9387 615
10000 0.9 1 184 9820
10000 0.9 1 6129 3875
10000 0.9 1 1206 8798
10000 0.9 1 7235 2769
10000 0.9 1 7646 2358
10000 0.9 1 3958 6046
10000 0.9 1 7825 2179
10000 0.9 1 1598 8406
10000 0.9 1 4846 5158
10000 0.9 1 2858 7146
10000 0.9 1 3469 6535
10000 0.9 1 7129 2875
10000 0.9 2 9904 99
10000 0.9 1 1970 8034
10000 0.9 1 2324 7680
10000 0.9 2 9216 788
10000 0.9 1 8693 1311
10000 0.9 2 9124 892
10000 0.9 1 1833 8171
10000 0.9 1 3397 6607
10000 0.9 1 3073 6931
10000 0.9 1 8377 1627
10000 0.9 2 9149 854
10000 0.9 1 4610 5394
10000 0.9 1 2621 7383
10000 0.9 1 3536 6468
10000 0.9 1 7001 3003
10000 0.9 1 533 9471
10000 0.9 1 6085 3919
10000 0.9 1 8108 1896
10000 0.9 2 9188 821
10000 0.9 1 1557 8447
10000 0.9 1 3919 6085
10000 0.9 1 45 9959
10000 0.9 1 5159 4845
10000 0.9 1 3496 6508
10000 0.9 1 2513 7491
10000 0.9 1 6943 3061
10000 0.9 1 4673 5331
10000 0.9 1 6722 3282
10000 0.9 1 8822 1182
10000 0.9 1 5517 4487
10000 0.9 2 9662 330
10000 0.9 1 4857 5147
10000 0.9 1 3773 6231
10000 0.9 1 422 9582
10000 0.9 1 4822 5182
10000 0.9 1 6441 3563
